These queries were ran in the empty database.

insert into actor values
(1, 'Actor 1'), (2, 'Actor 2'),
(3, 'Actor 3'), (4, 'Actor 4'), (5, 'Actor 5'), (6, 'Actor 6'),
(7, 'Actor 7'), (8, 'Actor 8'), (9, 'Actor 9'), (10, 'Actor 10'),
(11, 'Actor 11'), (12, 'Actor 12'), (13, 'Actor 13'), (14, 'Actor 14'),
(15, 'Actor 15'), (16, 'Actor 16'), (17, 'Actor 17'), (18, 'Actor 18'),
(19, 'Actor 19'), (20, 'Actor 20'), (21, 'Actor 21'), (22, 'Actor 22'),
(23, 'Actor 23'), (24, 'Actor 24'), (25, 'Actor 25'), (26, 'Actor 26'),
(27, 'Actor 27'), (28, 'Actor 28'), (29, 'Actor 29'), (30, 'Actor 30'),
(31, 'Actor 31'), (32, 'Actor 32'), (33, 'Actor 33'), (34, 'Actor 34'),
(35, 'Actor 35'), (36, 'Actor 36'), (37, 'Actor 37'), (38, 'Actor 38'),
(39, 'Actor 39'), (40, 'Actor 40'), (41, 'Actor 41'), (42, 'Actor 42'),
(43, 'Actor 43'), (44, 'Actor 44'), (45, 'Actor 45'), (46, 'Actor 46'),
(47, 'Actor 47'), (48, 'Actor 48'), (49, 'Actor 49'), (50, 'Actor 50'),
(51, 'Actor 51'), (52, 'Actor 52'), (53, 'Actor 53'), (54, 'Actor 54'),
(55, 'Actor 55'), (56, 'Actor 56'), (57, 'Actor 57'), (58, 'Actor 58'),
(59, 'Actor 59'), (60, 'Actor 60');

insert into director values
(1, 'Director 1'), (2, 'Director 2'), (3, 'Director 3'), (4, 'Director 4'),
(5, 'Director 5');

insert into tvshow values
(1, 'TV Show 1', 1),  (2, 'TV Show 2', 2), (3, 'TV Show 3', 3),
(4, 'TV Show 4', 4), (5, 'TV Show 5', 5);

insert into movie values
('Movie 1', 1, 1, 1), ('Movie 2', 2, 2, 2), ('Movie 3', 3, 3, 3),
('Movie 4', 4, 4, 4), ('Movie 5', 5, 5, 5);

insert into episode values
(1, 'Episode 1', 1, 1, 1), (2, 'Episode 2', 1, 1, 1),
(3, 'Episode 3', 1, 1, 1), (4, 'Episode 4', 1, 1, 1),
(5, 'Episode 5', 1, 1, 1), (6, 'Episode 6', 2, 1, 1),
(7, 'Episode 7', 2, 1, 1), (8, 'Episode 8', 2, 1, 1),
(9, 'Episode 9', 2, 1, 1), (10, 'Episode 10', 2, 1, 1),
(11, 'Episode 1', 1, 2, 2), (12, 'Episode 2', 1, 2, 2),
(13, 'Episode 3', 1, 2, 2), (14, 'Episode 4', 1, 2, 2),
(15, 'Episode 5', 1, 2, 2), (16, 'Episode 6', 2, 2, 2),
(17, 'Episode 7', 2, 2, 2), (18, 'Episode 8', 2, 2, 2),
(19, 'Episode 9', 2, 2, 2), (20, 'Episode 10', 2, 2, 2),
(21, 'Episode 1', 1, 3, 3), (22, 'Episode 2', 1, 3, 3),
(23, 'Episode 3', 1, 3, 3), (24, 'Episode 4', 1, 3, 3),
(25, 'Episode 5', 1, 3, 3), (26, 'Episode 6', 2, 3, 3),
(27, 'Episode 7', 2, 3, 3), (28, 'Episode 8', 2, 3, 3),
(29, 'Episode 9', 2, 3, 3), (30, 'Episode 10', 2, 3, 3),
(31, 'Episode 1', 1, 4, 4), (32, 'Episode 2', 1, 4, 4),
(33, 'Episode 3', 1, 4, 4), (34, 'Episode 4', 1, 4, 4),
(35, 'Episode 5', 1, 4, 4), (36, 'Episode 6', 2, 4, 4),
(37, 'Episode 7', 2, 4, 4), (38, 'Episode 8', 2, 4, 4),
(39, 'Episode 9', 2, 4, 4), (40, 'Episode 10', 2, 4, 4),
(41, 'Episode 1', 1, 5, 5), (42, 'Episode 2', 1, 5, 5),
(43, 'Episode 3', 1, 5, 5), (44, 'Episode 4', 1, 5, 5),
(45, 'Episode 5', 1, 5, 5), (46, 'Episode 6', 2, 5, 5),
(47, 'Episode 7', 2, 5, 5), (48, 'Episode 8', 2, 5, 5),
(49, 'Episode 9', 2, 5, 5), (50, 'Episode 10', 2, 5, 5);

insert into movieactor values
(1, 1, 1), (2, 1, 2), (3, 1, 3), (4, 1, 4), (5, 1, 5), (6, 1, 6),
(7, 1, 7), (8, 1, 8), (9, 1, 9), (10, 1, 10), (11, 1, 11), (12, 1, 12),
(13, 2, 13), (14, 2, 14), (15, 2, 15), (16, 2, 16), (17, 2, 17), (18, 2, 18),
(19, 2, 19), (20, 2, 20), (21, 2, 21), (22, 2, 22), (23, 2, 23), (24, 2, 24),
(25, 3, 25), (26, 3, 26), (27, 3, 27), (28, 3, 28), (29, 3, 29), (30, 3, 30),
(31, 3, 31), (32, 3, 32), (33, 3, 33), (34, 3, 34), (35, 3, 35), (36, 3, 36),
(37, 4, 37), (38, 4, 38), (39, 4, 39), (40, 4, 40), (41, 4, 41), (42, 4, 42),
(43, 4, 43), (44, 4, 44), (45, 4, 45), (46, 4, 46), (47, 4, 47), (48, 4, 48),
(49, 5, 49), (50, 5, 50), (51, 5, 51), (52, 5, 52), (53, 5, 53), (54, 5, 54),
(55, 5, 55), (56, 5, 56), (57, 5, 57), (58, 5, 58), (59, 5, 59), (60, 5, 60);

insert into tvshowactor values
(1, 1, 1), (2, 1, 2), (3, 1, 3), (4, 1, 4), (5, 1, 5), (6, 1, 6),
(7, 1, 7), (8, 1, 8), (9, 1, 9), (10, 1, 10), (11, 1, 11), (12, 1, 12),
(13, 2, 13), (14, 2, 14), (15, 2, 15), (16, 2, 16), (17, 2, 17), (18, 2, 18),
(19, 2, 19), (20, 2, 20), (21, 2, 21), (22, 2, 22), (23, 2, 23), (24, 2, 24),
(25, 3, 25), (26, 3, 26), (27, 3, 27), (28, 3, 28), (29, 3, 29), (30, 3, 30),
(31, 3, 31), (32, 3, 32), (33, 3, 33), (34, 3, 34), (35, 3, 35), (36, 3, 36),
(37, 4, 37), (38, 4, 38), (39, 4, 39), (40, 4, 40), (41, 4, 41), (42, 4, 42),
(43, 4, 43), (44, 4, 44), (45, 4, 45), (46, 4, 46), (47, 4, 47), (48, 4, 48),
(49, 5, 49), (50, 5, 50), (51, 5, 51), (52, 5, 52), (53, 5, 53), (54, 5, 54),
(55, 5, 55), (56, 5, 56), (57, 5, 57), (58, 5, 58), (59, 5, 59), (60, 5, 60);

insert into episodeactor values
(1, 1, 1), (2, 2, 2), (3, 3, 3), (4, 4, 4), (5, 5, 5),
(6, 6, 6), (7, 7, 7), (8, 8, 8), (9, 9, 9), (10, 10, 10),
(11, 11, 13), (12, 12, 14), (13, 13, 15), (14, 14, 16), (15, 15, 17),
(16, 16, 18), (17, 17, 19), (18, 18, 20), (19, 19, 21), (20, 20, 22),
(21, 21, 25), (22, 22, 26), (23, 23, 27), (24, 24, 28), (25, 25, 29),
(26, 26, 30), (27, 27, 31), (28, 28, 32), (29, 29, 33), (30, 30, 34),
(31, 31, 37), (32, 32, 38), (33, 33, 39), (34, 34, 40), (35, 35, 41),
(36, 36, 42), (37, 37, 43), (38, 38, 44), (39, 39, 45), (40, 40, 46),
(41, 41, 49), (42, 42, 50), (43, 43, 51), (44, 44, 52), (45, 45, 53),
(46, 46, 54), (47, 47, 55), (48, 48, 56), (49, 49, 57), (50, 50, 58);
